1.0485728E7
-1.0016936E7
6813696.0
3.8797312E7
1.2060672E7
-9973528.0
-3.263832E7
5769216.0
4.0586E7
5769216.0
3.3554432E7
-5.290764E7
1.4180816E8
-1.10774624E8
1.8352128E7
2.13548352E8
-2.66474496E8
2.01326592E8
6.9696952E7
8.5983232E7
-4.5578152E7
2.00278016E8
-3.52731136E8
6.0817408E7
3.2476928E8
-2.09629984E8
2.595208E8
-1.50347776E8
2.62670336E8
1.158656E8
-4.15153152E8
4.1369552E8
-2.41127968E8
-3.6817184E7
2619600.0
2.4342528E8
5.9768832E7
-2.82902016E8
6.291456E7
1.42084096E8
-1.295548E8
-1.37713808E8
1.72837472E8
1.88882464E8
-1576784.0
-1.47357472E8
