6.2152632E7
9437432.0
-3.536428E7
4605264.0
6.3344744E7
5.50516E7
-9.2832192E7
-2.8066992E7
-7546536.0
4851656.0
1.1008E7
7.7668176E7
1.97249008E8
-1.783968E7
3.5121744E7
1.34020096E8
3.74589248E8
-1.76168096E8
4.30610528E8
1.308524E7
3.0949088E7
3.55453216E8
1.31619016E8
7.5996984E7
3.50748672E8
-1.1114152E8
-1.02131098E9
5.4340192E8
-1.12713936E8
4.95968448E8
-6815744.0
1.34305568E8
-1.36648656E8
-5.04352544E8
2.6112912E8
2.1526728E7
2.30617248E8
-2.96747008E8
4.00042432E8
-7.0765216E8
2.47996256E8
-4.11574112E8
6.0811123E8
1.66233456E8
-5.560664E7
-3.667992E7
