1.13900144E8
-7.1618288E7
2.38524672E8
-9.9269376E7
9.994496E7
-4.402944E7
3.41362176E8
5.5048192E7
-4.91782144E8
5.5574528E7
5.0857984E7
2.86803456E8
-2.5218048E8
4.4878848E8
-3.22127776E8
4.13880224E8
-1.57810688E8
-1.31072E8
0.0
4716544.0
526336.0
-3.4463744E7
-1.7817088E7
1.14817024E8
1.990144E7
6.3341056E7
6.1315072E7
-9.1477784E7
-2.88825856E8
0.0
-6.2414656E7
3.7964832E8
-2.13385216E8
0.0
2.18103808E8
2097152.0
-3.64421632E8
-5.980308E7
-5805568.0
4.9859584E8
-1.0075048E8
-8.7062272E7
-2.5847392E7
6.7335168E7
2.149376E7
-5.0331648E7
2.0447232E7
9.1228672E7
3072352.0
-1.12804712E8
